+----------+-----+-----+-----+-----+-----+-----+-----+-----+-----+-----+-----+-----+-----+-----+---------+---------+-----------------------+-----+-----+-----+-----+-----+-----+---------+
|   Estado |   + |   - |   * |   x |   / |   ^ |   s |   i |   n |   c |   o |   t |   g |   a |   (,[,{ |   ),],} |   0,1,2,3,4,5,6,7,8,9 |   . |   π |   P |   I |   e |   l |   Token |
+==========+=====+=====+=====+=====+=====+=====+=====+=====+=====+=====+=====+=====+=====+=====+=========+=========+=======================+=====+=====+=====+=====+=====+=====+=========+
|        0 |   1 |   2 |   3 |   4 |   5 |   6 |   7 |  -1 |  -1 |   8 |  -1 |   9 |  -1 |  -1 |      10 |      11 |                    12 |  -1 |  13 |  14 |  -1 |  15 |  16 |      -1 |
+----------+-----+-----+-----+-----+-----+-----+-----+-----+-----+-----+-----+-----+-----+-----+---------+---------+-----------------------+-----+-----+-----+-----+-----+-----+---------+
|        1 |  -1 |  -1 |  -1 |  -1 |  -1 |  -1 |  -1 |  -1 |  -1 |  -1 |  -1 |  -1 |  -1 |  -1 |      -1 |      -1 |                    -1 |  -1 |  -1 |  -1 |  -1 |  -1 |  -1 |      10 |
+----------+-----+-----+-----+-----+-----+-----+-----+-----+-----+-----+-----+-----+-----+-----+---------+---------+-----------------------+-----+-----+-----+-----+-----+-----+---------+
|        2 |  -1 |  -1 |  -1 |  -1 |  -1 |  -1 |  -1 |  -1 |  -1 |  -1 |  -1 |  -1 |  -1 |  -1 |      -1 |      -1 |                    -1 |  -1 |  -1 |  -1 |  -1 |  -1 |  -1 |      20 |
+----------+-----+-----+-----+-----+-----+-----+-----+-----+-----+-----+-----+-----+-----+-----+---------+---------+-----------------------+-----+-----+-----+-----+-----+-----+---------+
|        3 |  -1 |  -1 |  17 |  -1 |  -1 |  -1 |  -1 |  -1 |  -1 |  -1 |  -1 |  -1 |  -1 |  -1 |      -1 |      -1 |                    -1 |  -1 |  -1 |  -1 |  -1 |  -1 |  -1 |      30 |
+----------+-----+-----+-----+-----+-----+-----+-----+-----+-----+-----+-----+-----+-----+-----+---------+---------+-----------------------+-----+-----+-----+-----+-----+-----+---------+
|        4 |  -1 |  -1 |  -1 |  -1 |  -1 |  -1 |  -1 |  -1 |  -1 |  -1 |  -1 |  -1 |  -1 |  -1 |      -1 |      -1 |                    -1 |  -1 |  -1 |  -1 |  -1 |  -1 |  -1 |      30 |
+----------+-----+-----+-----+-----+-----+-----+-----+-----+-----+-----+-----+-----+-----+-----+---------+---------+-----------------------+-----+-----+-----+-----+-----+-----+---------+
|        5 |  -1 |  -1 |  -1 |  -1 |  -1 |  -1 |  -1 |  -1 |  -1 |  -1 |  -1 |  -1 |  -1 |  -1 |      -1 |      -1 |                    -1 |  -1 |  -1 |  -1 |  -1 |  -1 |  -1 |      40 |
+----------+-----+-----+-----+-----+-----+-----+-----+-----+-----+-----+-----+-----+-----+-----+---------+---------+-----------------------+-----+-----+-----+-----+-----+-----+---------+
|        6 |  -1 |  -1 |  -1 |  -1 |  -1 |  -1 |  -1 |  -1 |  -1 |  -1 |  -1 |  -1 |  -1 |  -1 |      -1 |      -1 |                    -1 |  -1 |  -1 |  -1 |  -1 |  -1 |  -1 |      50 |
+----------+-----+-----+-----+-----+-----+-----+-----+-----+-----+-----+-----+-----+-----+-----+---------+---------+-----------------------+-----+-----+-----+-----+-----+-----+---------+
|        7 |  -1 |  -1 |  -1 |  -1 |  -1 |  -1 |  -1 |  18 |  -1 |  -1 |  -1 |  -1 |  -1 |  -1 |      -1 |      -1 |                    -1 |  -1 |  -1 |  -1 |  -1 |  -1 |  -1 |      -1 |
+----------+-----+-----+-----+-----+-----+-----+-----+-----+-----+-----+-----+-----+-----+-----+---------+---------+-----------------------+-----+-----+-----+-----+-----+-----+---------+
|        8 |  -1 |  -1 |  -1 |  -1 |  -1 |  -1 |  -1 |  -1 |  -1 |  -1 |  19 |  -1 |  -1 |  -1 |      -1 |      -1 |                    -1 |  -1 |  -1 |  -1 |  -1 |  -1 |  -1 |      -1 |
+----------+-----+-----+-----+-----+-----+-----+-----+-----+-----+-----+-----+-----+-----+-----+---------+---------+-----------------------+-----+-----+-----+-----+-----+-----+---------+
|        9 |  -1 |  -1 |  -1 |  -1 |  -1 |  -1 |  -1 |  -1 |  -1 |  -1 |  -1 |  -1 |  20 |  21 |      -1 |      -1 |                    -1 |  -1 |  -1 |  -1 |  -1 |  -1 |  -1 |      -1 |
+----------+-----+-----+-----+-----+-----+-----+-----+-----+-----+-----+-----+-----+-----+-----+---------+---------+-----------------------+-----+-----+-----+-----+-----+-----+---------+
|       10 |  -1 |  -1 |  -1 |  -1 |  -1 |  -1 |  -1 |  -1 |  -1 |  -1 |  -1 |  -1 |  -1 |  -1 |      -1 |      -1 |                    -1 |  -1 |  -1 |  -1 |  -1 |  -1 |  -1 |      90 |
+----------+-----+-----+-----+-----+-----+-----+-----+-----+-----+-----+-----+-----+-----+-----+---------+---------+-----------------------+-----+-----+-----+-----+-----+-----+---------+
|       11 |  -1 |  -1 |  -1 |  -1 |  -1 |  -1 |  -1 |  -1 |  -1 |  -1 |  -1 |  -1 |  -1 |  -1 |      -1 |      -1 |                    -1 |  -1 |  -1 |  -1 |  -1 |  -1 |  -1 |      91 |
+----------+-----+-----+-----+-----+-----+-----+-----+-----+-----+-----+-----+-----+-----+-----+---------+---------+-----------------------+-----+-----+-----+-----+-----+-----+---------+
|       12 |  -1 |  -1 |  -1 |  -1 |  -1 |  -1 |  -1 |  -1 |  -1 |  -1 |  -1 |  -1 |  -1 |  -1 |      -1 |      -1 |                    12 |  22 |  -1 |  -1 |  -1 |  -1 |  -1 |     100 |
+----------+-----+-----+-----+-----+-----+-----+-----+-----+-----+-----+-----+-----+-----+-----+---------+---------+-----------------------+-----+-----+-----+-----+-----+-----+---------+
|       13 |  -1 |  -1 |  -1 |  -1 |  -1 |  -1 |  -1 |  -1 |  -1 |  -1 |  -1 |  -1 |  -1 |  -1 |      -1 |      -1 |                    -1 |  -1 |  -1 |  -1 |  -1 |  -1 |  -1 |     110 |
+----------+-----+-----+-----+-----+-----+-----+-----+-----+-----+-----+-----+-----+-----+-----+---------+---------+-----------------------+-----+-----+-----+-----+-----+-----+---------+
|       14 |  -1 |  -1 |  -1 |  -1 |  -1 |  -1 |  -1 |  -1 |  -1 |  -1 |  -1 |  -1 |  -1 |  -1 |      -1 |      -1 |                    -1 |  -1 |  -1 |  -1 |  23 |  -1 |  -1 |      -1 |
+----------+-----+-----+-----+-----+-----+-----+-----+-----+-----+-----+-----+-----+-----+-----+---------+---------+-----------------------+-----+-----+-----+-----+-----+-----+---------+
|       15 |  -1 |  -1 |  -1 |  -1 |  -1 |  -1 |  -1 |  -1 |  -1 |  -1 |  -1 |  -1 |  -1 |  -1 |      -1 |      -1 |                    -1 |  -1 |  -1 |  -1 |  -1 |  -1 |  -1 |     120 |
+----------+-----+-----+-----+-----+-----+-----+-----+-----+-----+-----+-----+-----+-----+-----+---------+---------+-----------------------+-----+-----+-----+-----+-----+-----+---------+
|       16 |  -1 |  -1 |  -1 |  -1 |  -1 |  -1 |  -1 |  -1 |  24 |  -1 |  25 |  -1 |  -1 |  -1 |      -1 |      -1 |                    -1 |  -1 |  -1 |  -1 |  -1 |  -1 |  -1 |      -1 |
+----------+-----+-----+-----+-----+-----+-----+-----+-----+-----+-----+-----+-----+-----+-----+---------+---------+-----------------------+-----+-----+-----+-----+-----+-----+---------+
|       17 |  -1 |  -1 |  -1 |  -1 |  -1 |  -1 |  -1 |  -1 |  -1 |  -1 |  -1 |  -1 |  -1 |  -1 |      -1 |      -1 |                    -1 |  -1 |  -1 |  -1 |  -1 |  -1 |  -1 |      50 |
+----------+-----+-----+-----+-----+-----+-----+-----+-----+-----+-----+-----+-----+-----+-----+---------+---------+-----------------------+-----+-----+-----+-----+-----+-----+---------+
|       18 |  -1 |  -1 |  -1 |  -1 |  -1 |  -1 |  -1 |  -1 |  26 |  -1 |  -1 |  -1 |  -1 |  -1 |      -1 |      -1 |                    -1 |  -1 |  -1 |  -1 |  -1 |  -1 |  -1 |      -1 |
+----------+-----+-----+-----+-----+-----+-----+-----+-----+-----+-----+-----+-----+-----+-----+---------+---------+-----------------------+-----+-----+-----+-----+-----+-----+---------+
|       19 |  -1 |  -1 |  -1 |  -1 |  -1 |  -1 |  27 |  -1 |  -1 |  -1 |  -1 |  -1 |  -1 |  -1 |      -1 |      -1 |                    -1 |  -1 |  -1 |  -1 |  -1 |  -1 |  -1 |      -1 |
+----------+-----+-----+-----+-----+-----+-----+-----+-----+-----+-----+-----+-----+-----+-----+---------+---------+-----------------------+-----+-----+-----+-----+-----+-----+---------+
|       20 |  -1 |  -1 |  -1 |  -1 |  -1 |  -1 |  -1 |  -1 |  -1 |  -1 |  -1 |  -1 |  -1 |  -1 |      -1 |      -1 |                    -1 |  -1 |  -1 |  -1 |  -1 |  -1 |  -1 |      80 |
+----------+-----+-----+-----+-----+-----+-----+-----+-----+-----+-----+-----+-----+-----+-----+---------+---------+-----------------------+-----+-----+-----+-----+-----+-----+---------+
|       21 |  -1 |  -1 |  -1 |  -1 |  -1 |  -1 |  -1 |  -1 |  28 |  -1 |  -1 |  -1 |  -1 |  -1 |      -1 |      -1 |                    -1 |  -1 |  -1 |  -1 |  -1 |  -1 |  -1 |      -1 |
+----------+-----+-----+-----+-----+-----+-----+-----+-----+-----+-----+-----+-----+-----+-----+---------+---------+-----------------------+-----+-----+-----+-----+-----+-----+---------+
|       22 |  -1 |  -1 |  -1 |  -1 |  -1 |  -1 |  -1 |  -1 |  -1 |  -1 |  -1 |  -1 |  -1 |  -1 |      -1 |      -1 |                    29 |  -1 |  -1 |  -1 |  -1 |  -1 |  -1 |      -1 |
+----------+-----+-----+-----+-----+-----+-----+-----+-----+-----+-----+-----+-----+-----+-----+---------+---------+-----------------------+-----+-----+-----+-----+-----+-----+---------+
|       23 |  -1 |  -1 |  -1 |  -1 |  -1 |  -1 |  -1 |  -1 |  -1 |  -1 |  -1 |  -1 |  -1 |  -1 |      -1 |      -1 |                    -1 |  -1 |  -1 |  -1 |  -1 |  -1 |  -1 |     110 |
+----------+-----+-----+-----+-----+-----+-----+-----+-----+-----+-----+-----+-----+-----+-----+---------+---------+-----------------------+-----+-----+-----+-----+-----+-----+---------+
|       24 |  -1 |  -1 |  -1 |  -1 |  -1 |  -1 |  -1 |  -1 |  -1 |  -1 |  -1 |  -1 |  -1 |  -1 |      -1 |      -1 |                    -1 |  -1 |  -1 |  -1 |  -1 |  -1 |  -1 |     130 |
+----------+-----+-----+-----+-----+-----+-----+-----+-----+-----+-----+-----+-----+-----+-----+---------+---------+-----------------------+-----+-----+-----+-----+-----+-----+---------+
|       25 |  -1 |  -1 |  -1 |  -1 |  -1 |  -1 |  -1 |  -1 |  -1 |  -1 |  -1 |  -1 |  30 |  -1 |      -1 |      -1 |                    -1 |  -1 |  -1 |  -1 |  -1 |  -1 |  -1 |      -1 |
+----------+-----+-----+-----+-----+-----+-----+-----+-----+-----+-----+-----+-----+-----+-----+---------+---------+-----------------------+-----+-----+-----+-----+-----+-----+---------+
|       26 |  -1 |  -1 |  -1 |  -1 |  -1 |  -1 |  -1 |  -1 |  -1 |  -1 |  -1 |  -1 |  -1 |  -1 |      -1 |      -1 |                    -1 |  -1 |  -1 |  -1 |  -1 |  -1 |  -1 |      60 |
+----------+-----+-----+-----+-----+-----+-----+-----+-----+-----+-----+-----+-----+-----+-----+---------+---------+-----------------------+-----+-----+-----+-----+-----+-----+---------+
|       27 |  -1 |  -1 |  -1 |  -1 |  -1 |  -1 |  -1 |  -1 |  -1 |  -1 |  -1 |  -1 |  -1 |  -1 |      -1 |      -1 |                    -1 |  -1 |  -1 |  -1 |  -1 |  -1 |  -1 |      80 |
+----------+-----+-----+-----+-----+-----+-----+-----+-----+-----+-----+-----+-----+-----+-----+---------+---------+-----------------------+-----+-----+-----+-----+-----+-----+---------+
|       28 |  -1 |  -1 |  -1 |  -1 |  -1 |  -1 |  -1 |  -1 |  -1 |  -1 |  -1 |  -1 |  -1 |  -1 |      -1 |      -1 |                    -1 |  -1 |  -1 |  -1 |  -1 |  -1 |  -1 |      80 |
+----------+-----+-----+-----+-----+-----+-----+-----+-----+-----+-----+-----+-----+-----+-----+---------+---------+-----------------------+-----+-----+-----+-----+-----+-----+---------+
|       29 |  -1 |  -1 |  -1 |  -1 |  -1 |  -1 |  -1 |  -1 |  -1 |  -1 |  -1 |  -1 |  -1 |  -1 |      -1 |      -1 |                    29 |  -1 |  -1 |  -1 |  -1 |  -1 |  -1 |     100 |
+----------+-----+-----+-----+-----+-----+-----+-----+-----+-----+-----+-----+-----+-----+-----+---------+---------+-----------------------+-----+-----+-----+-----+-----+-----+---------+
|       30 |  -1 |  -1 |  -1 |  -1 |  -1 |  -1 |  -1 |  -1 |  -1 |  -1 |  -1 |  -1 |  -1 |  -1 |      -1 |      -1 |                    -1 |  -1 |  -1 |  -1 |  -1 |  -1 |  -1 |     140 |
+----------+-----+-----+-----+-----+-----+-----+-----+-----+-----+-----+-----+-----+-----+-----+---------+---------+-----------------------+-----+-----+-----+-----+-----+-----+---------+